学号 姓名   语文 数学 英语 平均值 总值  排序 
1   李守东   83  73  75 
2   徐贤坤   58  58  87 
3   钱云宋   41  86  90 
4   陈平     83  43  65 
5   金荣权   93  88  63 
6   陈如棉   99  93  43 
7   章可可   98  62  72 
8   陈伟奔   87  43  76 
9   张如祥   69  58  78 
10  丁尚游   80  56  57 
11  林宏旦   91  90  76 
12  曾上腾   100 96  54 
13  谢作品   82  100 55 
14  温从卫   73  46  101 
15  李明察   81  41  75 
16  彭鸿威   46  46  89 
17  翁文秀   57  43  58 
18  陈家伟   63  58  98 
19  温正考   100 64  57 
20  周文湘   50  50  79 
21  吴杰     65  65  83 
22  赖登城   60  79  53 
23  聂树露   51  76  45 
24  张雅琴   68  95  56 
25  曾瑞约   88  63  58 
26  王志强   96  79  78 
27  徐贤所   66  46  74 
28  陈祥枭   82  96  91 
29  温婷婷   41  73  96 
30  应孔余   66  81  71 
31  宋成取   71  68  62 
32  黄益省   65  56  43 
33  陈思文   55  100 44 
34  上官福新 64  62  70 
35  钟国横   49  69  56 
36  林型涨   78  73  50 